7f45 4c46 0201 0100 0000 0000 0000 0000
0200 3e00 0100 0000 9010 4000 0000 0000
4000 0000 0000 0000 d838 0000 0000 0000
0000 0000 4000 3800 0d00 4000 1f00 1e00
0600 0000 0400 0000 4000 0000 0000 0000
4000 4000 0000 0000 4000 4000 0000 0000
d802 0000 0000 0000 d802 0000 0000 0000
0800 0000 0000 0000 0300 0000 0400 0000
1803 0000 0000 0000 1803 4000 0000 0000
1803 4000 0000 0000 1c00 0000 0000 0000
1c00 0000 0000 0000 0100 0000 0000 0000
0100 0000 0400 0000 0000 0000 0000 0000
0000 4000 0000 0000 0000 4000 0000 0000
4806 0000 0000 0000 4806 0000 0000 0000
0010 0000 0000 0000 0100 0000 0500 0000
0010 0000 0000 0000 0010 4000 0000 0000
0010 4000 0000 0000 1106 0000 0000 0000
1106 0000 0000 0000 0010 0000 0000 0000
0100 0000 0400 0000 0020 0000 0000 0000
0020 4000 0000 0000 0020 4000 0000 0000
3402 0000 0000 0000 3402 0000 0000 0000
0010 0000 0000 0000 0100 0000 0600 0000
002e 0000 0000 0000 003e 4000 0000 0000
003e 4000 0000 0000 5802 0000 0000 0000
6802 0000 0000 0000 0010 0000 0000 0000
0200 0000 0600 0000 102e 0000 0000 0000
103e 4000 0000 0000 103e 4000 0000 0000
e001 0000 0000 0000 e001 0000 0000 0000
0800 0000 0000 0000 0400 0000 0400 0000
3803 0000 0000 0000 3803 4000 0000 0000
3803 4000 0000 0000 2000 0000 0000 0000
2000 0000 0000 0000 0800 0000 0000 0000
0400 0000 0400 0000 5803 0000 0000 0000
5803 4000 0000 0000 5803 4000 0000 0000
4400 0000 0000 0000 4400 0000 0000 0000
0400 0000 0000 0000 53e5 7464 0400 0000
3803 0000 0000 0000 3803 4000 0000 0000
3803 4000 0000 0000 2000 0000 0000 0000
2000 0000 0000 0000 0800 0000 0000 0000
50e5 7464 0400 0000 6420 0000 0000 0000
6420 4000 0000 0000 6420 4000 0000 0000
6400 0000 0000 0000 6400 0000 0000 0000
0400 0000 0000 0000 51e5 7464 0600 0000
0000 0000 0000 0000 0000 0000 0000 0000
0000 0000 0000 0000 0000 0000 0000 0000
0000 0000 0000 0000 1000 0000 0000 0000
52e5 7464 0400 0000 002e 0000 0000 0000
003e 4000 0000 0000 003e 4000 0000 0000
0002 0000 0000 0000 0002 0000 0000 0000
0100 0000 0000 0000 2f6c 6962 3634 2f6c
642d 6c69 6e75 782d 7838 362d 3634 2e73
6f2e 3200 0000 0000 0400 0000 1000 0000
0500 0000 474e 5500 0280 00c0 0400 0000
0100 0000 0000 0000 0400 0000 1400 0000
0300 0000 474e 5500 74b8 2c51 d375 4c77
19e1 033d 5eea 0fd6 554e cc97 0400 0000
1000 0000 0100 0000 474e 5500 0000 0000
0300 0000 0200 0000 0000 0000 0000 0000
0300 0000 0900 0000 0600 0000 0400 0000
0800 0000 0000 0000 0000 0000 0000 0000
0000 0000 0100 0000 0300 0000 0500 0000
0200 0000 0700 0000 0100 0000 0100 0000
0100 0000 0000 0000 0000 0000 0000 0000
0000 0000 0000 0000 0000 0000 0000 0000
0000 0000 0000 0000 0000 0000 0000 0000
0e00 0000 1200 0000 0000 0000 0000 0000
0000 0000 0000 0000 2c00 0000 1200 0000
0000 0000 0000 0000 0000 0000 0000 0000
0100 0000 1200 0000 0000 0000 0000 0000
0000 0000 0000 0000 0700 0000 1200 0000
0000 0000 0000 0000 0000 0000 0000 0000
2000 0000 1200 0000 0000 0000 0000 0000
0000 0000 0000 0000 6200 0000 2000 0000
0000 0000 0000 0000 0000 0000 0000 0000
3600 0000 1200 0000 0000 0000 0000 0000
0000 0000 0000 0000 3b00 0000 1200 0000
0000 0000 0000 0000 0000 0000 0000 0000
0077 7269 7465 0067 6574 7069 6400 5f5f
6c69 6263 5f73 7461 7274 5f6d 6169 6e00
7369 6765 6d70 7479 7365 7400 7369 6761
6374 696f 6e00 6b69 6c6c 0070 6175 7365
006c 6962 632e 736f 2e36 0047 4c49 4243
5f32 2e32 2e35 0047 4c49 4243 5f32 2e33
3400 5f5f 676d 6f6e 5f73 7461 7274 5f5f
0000 0000 0200 0300 0300 0300 0300 0100
0300 0300 0000 0000 0100 0200 4100 0000
1000 0000 0000 0000 751a 6909 0000 0300
4b00 0000 1000 0000 b491 9606 0000 0200
5700 0000 0000 0000 f03f 4000 0000 0000
0600 0000 0100 0000 0000 0000 0000 0000
f83f 4000 0000 0000 0600 0000 0600 0000
0000 0000 0000 0000 1840 4000 0000 0000
0700 0000 0200 0000 0000 0000 0000 0000
2040 4000 0000 0000 0700 0000 0300 0000
0000 0000 0000 0000 2840 4000 0000 0000
0700 0000 0400 0000 0000 0000 0000 0000
3040 4000 0000 0000 0700 0000 0500 0000
0000 0000 0000 0000 3840 4000 0000 0000
0700 0000 0700 0000 0000 0000 0000 0000
4040 4000 0000 0000 0700 0000 0800 0000
0000 0000 0000 0000 0000 0000 0000 0000
0000 0000 0000 0000 0000 0000 0000 0000
0000 0000 0000 0000 0000 0000 0000 0000
0000 0000 0000 0000 0000 0000 0000 0000
0000 0000 0000 0000 0000 0000 0000 0000
0000 0000 0000 0000 0000 0000 0000 0000
0000 0000 0000 0000 0000 0000 0000 0000
0000 0000 0000 0000 0000 0000 0000 0000
0000 0000 0000 0000 0000 0000 0000 0000
0000 0000 0000 0000 0000 0000 0000 0000
0000 0000 0000 0000 0000 0000 0000 0000
0000 0000 0000 0000 0000 0000 0000 0000
0000 0000 0000 0000 0000 0000 0000 0000
0000 0000 0000 0000 0000 0000 0000 0000
0000 0000 0000 0000 0000 0000 0000 0000
0000 0000 0000 0000 0000 0000 0000 0000
0000 0000 0000 0000 0000 0000 0000 0000
0000 0000 0000 0000 0000 0000 0000 0000
0000 0000 0000 0000 0000 0000 0000 0000
0000 0000 0000 0000 0000 0000 0000 0000
0000 0000 0000 0000 0000 0000 0000 0000
0000 0000 0000 0000 0000 0000 0000 0000
0000 0000 0000 0000 0000 0000 0000 0000
0000 0000 0000 0000 0000 0000 0000 0000
0000 0000 0000 0000 0000 0000 0000 0000
0000 0000 0000 0000 0000 0000 0000 0000
0000 0000 0000 0000 0000 0000 0000 0000
0000 0000 0000 0000 0000 0000 0000 0000
0000 0000 0000 0000 0000 0000 0000 0000
0000 0000 0000 0000 0000 0000 0000 0000
0000 0000 0000 0000 0000 0000 0000 0000
0000 0000 0000 0000 0000 0000 0000 0000
0000 0000 0000 0000 0000 0000 0000 0000
0000 0000 0000 0000 0000 0000 0000 0000
0000 0000 0000 0000 0000 0000 0000 0000
0000 0000 0000 0000 0000 0000 0000 0000
0000 0000 0000 0000 0000 0000 0000 0000
0000 0000 0000 0000 0000 0000 0000 0000
0000 0000 0000 0000 0000 0000 0000 0000
0000 0000 0000 0000 0000 0000 0000 0000
0000 0000 0000 0000 0000 0000 0000 0000
0000 0000 0000 0000 0000 0000 0000 0000
0000 0000 0000 0000 0000 0000 0000 0000
0000 0000 0000 0000 0000 0000 0000 0000
0000 0000 0000 0000 0000 0000 0000 0000
0000 0000 0000 0000 0000 0000 0000 0000
0000 0000 0000 0000 0000 0000 0000 0000
0000 0000 0000 0000 0000 0000 0000 0000
0000 0000 0000 0000 0000 0000 0000 0000
0000 0000 0000 0000 0000 0000 0000 0000
0000 0000 0000 0000 0000 0000 0000 0000
0000 0000 0000 0000 0000 0000 0000 0000
0000 0000 0000 0000 0000 0000 0000 0000
0000 0000 0000 0000 0000 0000 0000 0000
0000 0000 0000 0000 0000 0000 0000 0000
0000 0000 0000 0000 0000 0000 0000 0000
0000 0000 0000 0000 0000 0000 0000 0000
0000 0000 0000 0000 0000 0000 0000 0000
0000 0000 0000 0000 0000 0000 0000 0000
0000 0000 0000 0000 0000 0000 0000 0000
0000 0000 0000 0000 0000 0000 0000 0000
0000 0000 0000 0000 0000 0000 0000 0000
0000 0000 0000 0000 0000 0000 0000 0000
0000 0000 0000 0000 0000 0000 0000 0000
0000 0000 0000 0000 0000 0000 0000 0000
0000 0000 0000 0000 0000 0000 0000 0000
0000 0000 0000 0000 0000 0000 0000 0000
0000 0000 0000 0000 0000 0000 0000 0000
0000 0000 0000 0000 0000 0000 0000 0000
0000 0000 0000 0000 0000 0000 0000 0000
0000 0000 0000 0000 0000 0000 0000 0000
0000 0000 0000 0000 0000 0000 0000 0000
0000 0000 0000 0000 0000 0000 0000 0000
0000 0000 0000 0000 0000 0000 0000 0000
0000 0000 0000 0000 0000 0000 0000 0000
0000 0000 0000 0000 0000 0000 0000 0000
0000 0000 0000 0000 0000 0000 0000 0000
0000 0000 0000 0000 0000 0000 0000 0000
0000 0000 0000 0000 0000 0000 0000 0000
0000 0000 0000 0000 0000 0000 0000 0000
0000 0000 0000 0000 0000 0000 0000 0000
0000 0000 0000 0000 0000 0000 0000 0000
0000 0000 0000 0000 0000 0000 0000 0000
0000 0000 0000 0000 0000 0000 0000 0000
0000 0000 0000 0000 0000 0000 0000 0000
0000 0000 0000 0000 0000 0000 0000 0000
0000 0000 0000 0000 0000 0000 0000 0000
0000 0000 0000 0000 0000 0000 0000 0000
0000 0000 0000 0000 0000 0000 0000 0000
0000 0000 0000 0000 0000 0000 0000 0000
0000 0000 0000 0000 0000 0000 0000 0000
0000 0000 0000 0000 0000 0000 0000 0000
0000 0000 0000 0000 0000 0000 0000 0000
0000 0000 0000 0000 0000 0000 0000 0000
0000 0000 0000 0000 0000 0000 0000 0000
0000 0000 0000 0000 0000 0000 0000 0000
0000 0000 0000 0000 0000 0000 0000 0000
0000 0000 0000 0000 0000 0000 0000 0000
0000 0000 0000 0000 0000 0000 0000 0000
0000 0000 0000 0000 0000 0000 0000 0000
0000 0000 0000 0000 0000 0000 0000 0000
0000 0000 0000 0000 0000 0000 0000 0000
0000 0000 0000 0000 0000 0000 0000 0000
0000 0000 0000 0000 0000 0000 0000 0000
0000 0000 0000 0000 0000 0000 0000 0000
0000 0000 0000 0000 0000 0000 0000 0000
0000 0000 0000 0000 0000 0000 0000 0000
0000 0000 0000 0000 0000 0000 0000 0000
0000 0000 0000 0000 0000 0000 0000 0000
0000 0000 0000 0000 0000 0000 0000 0000
0000 0000 0000 0000 0000 0000 0000 0000
0000 0000 0000 0000 0000 0000 0000 0000
0000 0000 0000 0000 0000 0000 0000 0000
0000 0000 0000 0000 0000 0000 0000 0000
0000 0000 0000 0000 0000 0000 0000 0000
0000 0000 0000 0000 0000 0000 0000 0000
0000 0000 0000 0000 0000 0000 0000 0000
0000 0000 0000 0000 0000 0000 0000 0000
0000 0000 0000 0000 0000 0000 0000 0000
0000 0000 0000 0000 0000 0000 0000 0000
0000 0000 0000 0000 0000 0000 0000 0000
0000 0000 0000 0000 0000 0000 0000 0000
0000 0000 0000 0000 0000 0000 0000 0000
0000 0000 0000 0000 0000 0000 0000 0000
0000 0000 0000 0000 0000 0000 0000 0000
0000 0000 0000 0000 0000 0000 0000 0000
0000 0000 0000 0000 0000 0000 0000 0000
0000 0000 0000 0000 0000 0000 0000 0000
0000 0000 0000 0000 0000 0000 0000 0000
0000 0000 0000 0000 0000 0000 0000 0000
0000 0000 0000 0000 0000 0000 0000 0000
0000 0000 0000 0000 0000 0000 0000 0000
0000 0000 0000 0000 0000 0000 0000 0000
0000 0000 0000 0000 0000 0000 0000 0000
0000 0000 0000 0000 0000 0000 0000 0000
0000 0000 0000 0000 0000 0000 0000 0000
0000 0000 0000 0000 0000 0000 0000 0000
0000 0000 0000 0000 0000 0000 0000 0000
0000 0000 0000 0000 0000 0000 0000 0000
0000 0000 0000 0000 0000 0000 0000 0000
0000 0000 0000 0000 0000 0000 0000 0000
0000 0000 0000 0000 0000 0000 0000 0000
0000 0000 0000 0000 0000 0000 0000 0000
0000 0000 0000 0000 0000 0000 0000 0000
0000 0000 0000 0000 0000 0000 0000 0000
0000 0000 0000 0000 0000 0000 0000 0000
0000 0000 0000 0000 0000 0000 0000 0000
0000 0000 0000 0000 0000 0000 0000 0000
0000 0000 0000 0000 0000 0000 0000 0000
0000 0000 0000 0000 0000 0000 0000 0000
0000 0000 0000 0000 0000 0000 0000 0000
0000 0000 0000 0000 0000 0000 0000 0000
0000 0000 0000 0000 0000 0000 0000 0000
0000 0000 0000 0000 0000 0000 0000 0000
0000 0000 0000 0000 0000 0000 0000 0000
0000 0000 0000 0000 0000 0000 0000 0000
f30f 1efa 4883 ec08 488b 05e9 2f00 0048
85c0 7402 ffd0 4883 c408 c300 0000 0000
ff35 e22f 0000 ff25 e42f 0000 0f1f 4000
ff25 e22f 0000 6800 0000 00e9 e0ff ffff
ff25 da2f 0000 6801 0000 00e9 d0ff ffff
ff25 d22f 0000 6802 0000 00e9 c0ff ffff
ff25 ca2f 0000 6803 0000 00e9 b0ff ffff
ff25 c22f 0000 6804 0000 00e9 a0ff ffff
ff25 ba2f 0000 6805 0000 00e9 90ff ffff
f30f 1efa 31ed 4989 d15e 4889 e248 83e4
f050 5445 31c0 31c9 48c7 c7d0 1240 00ff
153b 2f00 00f4 662e 0f1f 8400 0000 0000
f30f 1efa c366 2e0f 1f84 0000 0000 0090
b858 4040 0048 3d58 4040 0074 13b8 0000
0000 4885 c074 09bf 5840 4000 ffe0 6690
c366 662e 0f1f 8400 0000 0000 0f1f 4000
be58 4040 0048 81ee 5840 4000 4889 f048
c1ee 3f48 c1f8 0348 01c6 48d1 fe74 11b8
0000 0000 4885 c074 07bf 5840 4000 ffe0
c366 662e 0f1f 8400 0000 0000 0f1f 4000
f30f 1efa 803d 0d2f 0000 0075 1355 4889
e5e8 7aff ffff c605 fb2e 0000 015d c390
c366 662e 0f1f 8400 0000 0000 0f1f 4000
f30f 1efa eb8a 662e 0f1f 8400 0000 0000
5548 89e5 4883 ec20 897d fc48 8975 f048
8955 e883 7dfc 0a0f 8512 0000 000f b604
255c 4040 0083 c801 8804 255c 4040 008b
0425 6040 4000 83c0 0189 0425 6040 4000
833c 2560 4040 0008 0f85 3100 0000 bf01
0000 0048 be5c 4040 0000 0000 00ba 0100
0000 e859 feff ffc7 0425 6040 4000 0000
0000 c604 255c 4040 0000 e912 0000 000f
b604 255c 4040 00c1 e001 8804 255c 4040
0048 8b45 f08b 7810 be0a 0000 00e8 4efe
ffff 4883 c420 5dc3 0f1f 8400 0000 0000
5548 89e5 4881 eca0 0000 0048 b880 1140
0000 0000 0048 8985 68ff ffff c745 f004
0000 0048 8dbd 68ff ffff 4883 c708 e8fd
fdff ffbf 0a00 0000 488d b568 ffff ff31
c089 c2e8 b8fd ffff 83f8 ff0f 850f 0000
0048 bf04 2040 0000 0000 00e8 f000 0000
bf0c 0000 0048 8db5 68ff ffff 31c0 89c2
e88b fdff ff83 f8ff 0f85 0f00 0000 48bf
2620 4000 0000 0000 e8c3 0000 0048 81c4
a000 0000 5dc3 662e 0f1f 8400 0000 0000
5548 89e5 4883 ec10 c745 fc00 0000 00e8
6cfd ffff 8945 f848 bf48 2040 0000 0000
00e8 8a00 0000 8b7d f8e8 d200 0000 bf0a
0000 00e8 4800 0000 e823 ffff ffe8 6efd
ffff e9f6 ffff ff66 0f1f 8400 0000 0000
5548 89e5 897d fc31 c083 7dfc 3088 45fb
0f8c 0a00 0000 837d fc39 0f9e c088 45fb
8a45 fb24 010f b6c0 5dc3 660f 1f44 0000
5548 89e5 4883 ec10 4088 f888 45ff bf01
0000 0048 8d75 ffba 0100 0000 e8cf fcff
ff48 83c4 105d c366 0f1f 8400 0000 0000
5548 89e5 4883 ec10 4889 7df8 c745 f400
0000 0048 8b45 f848 634d f480 3c08 000f
841f 0000 0048 8b45 f848 634d f40f be3c
08e8 9aff ffff 8b45 f483 c001 8945 f4e9
cfff ffff 4883 c410 5dc3 660f 1f44 0000
5548 89e5 4883 ec10 897d fc48 6345 fc48
3d00 0000 800f 8514 0000 0048 bf55 2040
0000 0000 00e8 86ff ffff e978 0000 0083
7dfc 000f 8d19 0000 00bf 2d00 0000 e83d
ffff ff31 ff2b 7dfc e8b3 ffff ffe9 5000
0000 837d fc00 0f8c 1d00 0000 837d fc09
0f8f 1300 0000 8b45 fc83 c030 0fbe f8e8
0cff ffff e924 0000 008b 45fc b90a 0000
0099 f7f9 89c7 e875 ffff ff8b 45fc b90a
0000 0099 f7f9 89d7 e863 ffff ffe9 0000
0000 e900 0000 0048 83c4 105d c30f 1f00
5548 89e5 4889 7df8 c745 f400 0000 00c7
45f0 0100 0000 c745 ec00 0000 0048 8b45
f848 634d f40f be0c 0831 c083 f900 8845
eb0f 844a 0000 0048 8b45 f848 634d f40f
be04 0883 f809 0f8c 1a00 0000 488b 45f8
4863 4df4 0fbe 0c08 b001 83f9 0d88 45ea
0f8e 1500 0000 488b 45f8 4863 4df4 0fbe
0408 83f8 200f 94c0 8845 ea8a 45ea 8845
eb8a 45eb a801 0f85 0500 0000 e90e 0000
008b 45f4 83c0 0189 45f4 e97e ffff ff48
8b45 f848 634d f40f be04 0883 f82b 0f84
1500 0000 488b 45f8 4863 4df4 0fbe 0408
83f8 2d0f 8525 0000 0048 8b45 f848 634d
f40f be04 0883 f82d 0f85 0700 0000 c745
f0ff ffff ff8b 45f4 83c0 0189 45f4 e900
0000 0048 8b45 f848 634d f40f be0c 0831
c083 f900 8845 e90f 8435 0000 0048 8b45
f848 634d f40f be0c 0831 c083 f930 8845
e80f 8c15 0000 0048 8b45 f848 634d f40f
be04 0883 f839 0f9e c088 45e8 8a45 e888
45e9 8a45 e9a8 010f 8505 0000 00e9 2600
0000 6b45 ec0a 488b 4df8 4863 55f4 0fbe
0c11 83e9 3001 c889 45ec 8b45 f483 c001
8945 f4e9 7bff ffff 8b45 ec0f af45 f05d
c300 0000 f30f 1efa 4883 ec08 4883 c408
c300 0000 0000 0000 0000 0000 0000 0000
0000 0000 0000 0000 0000 0000 0000 0000
0000 0000 0000 0000 0000 0000 0000 0000
0000 0000 0000 0000 0000 0000 0000 0000
0000 0000 0000 0000 0000 0000 0000 0000
0000 0000 0000 0000 0000 0000 0000 0000
0000 0000 0000 0000 0000 0000 0000 0000
0000 0000 0000 0000 0000 0000 0000 0000
0000 0000 0000 0000 0000 0000 0000 0000
0000 0000 0000 0000 0000 0000 0000 0000
0000 0000 0000 0000 0000 0000 0000 0000
0000 0000 0000 0000 0000 0000 0000 0000
0000 0000 0000 0000 0000 0000 0000 0000
0000 0000 0000 0000 0000 0000 0000 0000
0000 0000 0000 0000 0000 0000 0000 0000
0000 0000 0000 0000 0000 0000 0000 0000
0000 0000 0000 0000 0000 0000 0000 0000
0000 0000 0000 0000 0000 0000 0000 0000
0000 0000 0000 0000 0000 0000 0000 0000
0000 0000 0000 0000 0000 0000 0000 0000
0000 0000 0000 0000 0000 0000 0000 0000
0000 0000 0000 0000 0000 0000 0000 0000
0000 0000 0000 0000 0000 0000 0000 0000
0000 0000 0000 0000 0000 0000 0000 0000
0000 0000 0000 0000 0000 0000 0000 0000
0000 0000 0000 0000 0000 0000 0000 0000
0000 0000 0000 0000 0000 0000 0000 0000
0000 0000 0000 0000 0000 0000 0000 0000
0000 0000 0000 0000 0000 0000 0000 0000
0000 0000 0000 0000 0000 0000 0000 0000
0000 0000 0000 0000 0000 0000 0000 0000
0000 0000 0000 0000 0000 0000 0000 0000
0000 0000 0000 0000 0000 0000 0000 0000
0000 0000 0000 0000 0000 0000 0000 0000
0000 0000 0000 0000 0000 0000 0000 0000
0000 0000 0000 0000 0000 0000 0000 0000
0000 0000 0000 0000 0000 0000 0000 0000
0000 0000 0000 0000 0000 0000 0000 0000
0000 0000 0000 0000 0000 0000 0000 0000
0000 0000 0000 0000 0000 0000 0000 0000
0000 0000 0000 0000 0000 0000 0000 0000
0000 0000 0000 0000 0000 0000 0000 0000
0000 0000 0000 0000 0000 0000 0000 0000
0000 0000 0000 0000 0000 0000 0000 0000
0000 0000 0000 0000 0000 0000 0000 0000
0000 0000 0000 0000 0000 0000 0000 0000
0000 0000 0000 0000 0000 0000 0000 0000
0000 0000 0000 0000 0000 0000 0000 0000
0000 0000 0000 0000 0000 0000 0000 0000
0000 0000 0000 0000 0000 0000 0000 0000
0000 0000 0000 0000 0000 0000 0000 0000
0000 0000 0000 0000 0000 0000 0000 0000
0000 0000 0000 0000 0000 0000 0000 0000
0000 0000 0000 0000 0000 0000 0000 0000
0000 0000 0000 0000 0000 0000 0000 0000
0000 0000 0000 0000 0000 0000 0000 0000
0000 0000 0000 0000 0000 0000 0000 0000
0000 0000 0000 0000 0000 0000 0000 0000
0000 0000 0000 0000 0000 0000 0000 0000
0000 0000 0000 0000 0000 0000 0000 0000
0000 0000 0000 0000 0000 0000 0000 0000
0000 0000 0000 0000 0000 0000 0000 0000
0000 0000 0000 0000 0000 0000 0000 0000
0000 0000 0000 0000 0000 0000 0000 0000
0000 0000 0000 0000 0000 0000 0000 0000
0000 0000 0000 0000 0000 0000 0000 0000
0000 0000 0000 0000 0000 0000 0000 0000
0000 0000 0000 0000 0000 0000 0000 0000
0000 0000 0000 0000 0000 0000 0000 0000
0000 0000 0000 0000 0000 0000 0000 0000
0000 0000 0000 0000 0000 0000 0000 0000
0000 0000 0000 0000 0000 0000 0000 0000
0000 0000 0000 0000 0000 0000 0000 0000
0000 0000 0000 0000 0000 0000 0000 0000
0000 0000 0000 0000 0000 0000 0000 0000
0000 0000 0000 0000 0000 0000 0000 0000
0000 0000 0000 0000 0000 0000 0000 0000
0000 0000 0000 0000 0000 0000 0000 0000
0000 0000 0000 0000 0000 0000 0000 0000
0000 0000 0000 0000 0000 0000 0000 0000
0000 0000 0000 0000 0000 0000 0000 0000
0000 0000 0000 0000 0000 0000 0000 0000
0000 0000 0000 0000 0000 0000 0000 0000
0000 0000 0000 0000 0000 0000 0000 0000
0000 0000 0000 0000 0000 0000 0000 0000
0000 0000 0000 0000 0000 0000 0000 0000
0000 0000 0000 0000 0000 0000 0000 0000
0000 0000 0000 0000 0000 0000 0000 0000
0000 0000 0000 0000 0000 0000 0000 0000
0000 0000 0000 0000 0000 0000 0000 0000
0000 0000 0000 0000 0000 0000 0000 0000
0000 0000 0000 0000 0000 0000 0000 0000
0000 0000 0000 0000 0000 0000 0000 0000
0000 0000 0000 0000 0000 0000 0000 0000
0000 0000 0000 0000 0000 0000 0000 0000
0000 0000 0000 0000 0000 0000 0000 0000
0000 0000 0000 0000 0000 0000 0000 0000
0000 0000 0000 0000 0000 0000 0000 0000
0000 0000 0000 0000 0000 0000 0000 0000
0000 0000 0000 0000 0000 0000 0000 0000
0000 0000 0000 0000 0000 0000 0000 0000
0000 0000 0000 0000 0000 0000 0000 0000
0000 0000 0000 0000 0000 0000 0000 0000
0000 0000 0000 0000 0000 0000 0000 0000
0000 0000 0000 0000 0000 0000 0000 0000
0000 0000 0000 0000 0000 0000 0000 0000
0000 0000 0000 0000 0000 0000 0000 0000
0000 0000 0000 0000 0000 0000 0000 0000
0000 0000 0000 0000 0000 0000 0000 0000
0000 0000 0000 0000 0000 0000 0000 0000
0000 0000 0000 0000 0000 0000 0000 0000
0000 0000 0000 0000 0000 0000 0000 0000
0000 0000 0000 0000 0000 0000 0000 0000
0000 0000 0000 0000 0000 0000 0000 0000
0000 0000 0000 0000 0000 0000 0000 0000
0000 0000 0000 0000 0000 0000 0000 0000
0000 0000 0000 0000 0000 0000 0000 0000
0000 0000 0000 0000 0000 0000 0000 0000
0000 0000 0000 0000 0000 0000 0000 0000
0000 0000 0000 0000 0000 0000 0000 0000
0000 0000 0000 0000 0000 0000 0000 0000
0000 0000 0000 0000 0000 0000 0000 0000
0000 0000 0000 0000 0000 0000 0000 0000
0000 0000 0000 0000 0000 0000 0000 0000
0000 0000 0000 0000 0000 0000 0000 0000
0000 0000 0000 0000 0000 0000 0000 0000
0000 0000 0000 0000 0000 0000 0000 0000
0000 0000 0000 0000 0000 0000 0000 0000
0000 0000 0000 0000 0000 0000 0000 0000
0000 0000 0000 0000 0000 0000 0000 0000
0000 0000 0000 0000 0000 0000 0000 0000
0000 0000 0000 0000 0000 0000 0000 0000
0000 0000 0000 0000 0000 0000 0000 0000
0000 0000 0000 0000 0000 0000 0000 0000
0000 0000 0000 0000 0000 0000 0000 0000
0000 0000 0000 0000 0000 0000 0000 0000
0000 0000 0000 0000 0000 0000 0000 0000
0000 0000 0000 0000 0000 0000 0000 0000
0000 0000 0000 0000 0000 0000 0000 0000
0000 0000 0000 0000 0000 0000 0000 0000
0000 0000 0000 0000 0000 0000 0000 0000
0000 0000 0000 0000 0000 0000 0000 0000
0000 0000 0000 0000 0000 0000 0000 0000
0000 0000 0000 0000 0000 0000 0000 0000
0000 0000 0000 0000 0000 0000 0000 0000
0000 0000 0000 0000 0000 0000 0000 0000
0000 0000 0000 0000 0000 0000 0000 0000
0000 0000 0000 0000 0000 0000 0000 0000
0000 0000 0000 0000 0000 0000 0000 0000
0000 0000 0000 0000 0000 0000 0000 0000
0000 0000 0000 0000 0000 0000 0000 0000
0000 0000 0000 0000 0000 0000 0000 0000
0000 0000 0000 0000 0000 0000 0000 0000
0000 0000 0000 0000 0000 0000 0000 0000
0000 0000 0000 0000 0000 0000 0000 0000
0000 0000 0000 0000 0000 0000 0000 0000
0000 0000 0000 0000 0000 0000 0000 0000
0000 0000 0000 0000 0000 0000 0000 0000
0000 0000 0000 0000 0000 0000 0000 0000
0100 0200 4572 726f 7220 2d20 5072 6f62
6c65 6d20 7265 6365 6976 696e 6720 5349
4755 5352 3100 4572 726f 7220 2d20 5072
6f62 6c65 6d20 7265 6365 6976 696e 6720
5349 4755 5352 3200 5365 7276 6572 2050
4944 3a20 002d 3231 3437 3438 3336 3438
0000 0000 011b 033b 6000 0000 0b00 0000
bcef ffff a400 0000 2cf0 ffff 7c00 0000
5cf0 ffff 9000 0000 1cf1 ffff cc00 0000
ccf1 ffff ec00 0000 6cf2 ffff 0c01 0000
bcf2 ffff 2c01 0000 ecf2 ffff 4c01 0000
1cf3 ffff 6c01 0000 6cf3 ffff 8c01 0000
1cf4 ffff ac01 0000 1400 0000 0000 0000
017a 5200 0178 1001 1b0c 0708 9001 0000
1000 0000 1c00 0000 a8ef ffff 2600 0000
0044 0710 1000 0000 3000 0000 c4ef ffff
0500 0000 0000 0000 2400 0000 4400 0000
10ef ffff 7000 0000 000e 1046 0e18 4a0f
0b77 0880 003f 1a3b 2a33 2422 0000 0000
1c00 0000 6c00 0000 48f0 ffff a800 0000
0041 0e10 8602 430d 0602 a30c 0708 0000
1c00 0000 8c00 0000 d8f0 ffff 9600 0000
0041 0e10 8602 430d 0602 910c 0708 0000
1c00 0000 ac00 0000 58f1 ffff 4700 0000
0041 0e10 8602 430d 0600 0000 0000 0000
1c00 0000 cc00 0000 88f1 ffff 2a00 0000
0041 0e10 8602 430d 0665 0c07 0800 0000
1c00 0000 ec00 0000 98f1 ffff 2700 0000
0041 0e10 8602 430d 0662 0c07 0800 0000
1c00 0000 0c01 0000 a8f1 ffff 4a00 0000
0041 0e10 8602 430d 0602 450c 0708 0000
1c00 0000 2c01 0000 d8f1 ffff ad00 0000
0041 0e10 8602 430d 0602 a80c 0708 0000
1c00 0000 4c01 0000 68f2 ffff 8101 0000
0041 0e10 8602 430d 0603 7c01 0c07 0800
0000 0000 0000 0000 0000 0000 0000 0000
0000 0000 0000 0000 0000 0000 0000 0000
0000 0000 0000 0000 0000 0000 0000 0000
0000 0000 0000 0000 0000 0000 0000 0000
0000 0000 0000 0000 0000 0000 0000 0000
0000 0000 0000 0000 0000 0000 0000 0000
0000 0000 0000 0000 0000 0000 0000 0000
0000 0000 0000 0000 0000 0000 0000 0000
0000 0000 0000 0000 0000 0000 0000 0000
0000 0000 0000 0000 0000 0000 0000 0000
0000 0000 0000 0000 0000 0000 0000 0000
0000 0000 0000 0000 0000 0000 0000 0000
0000 0000 0000 0000 0000 0000 0000 0000
0000 0000 0000 0000 0000 0000 0000 0000
0000 0000 0000 0000 0000 0000 0000 0000
0000 0000 0000 0000 0000 0000 0000 0000
0000 0000 0000 0000 0000 0000 0000 0000
0000 0000 0000 0000 0000 0000 0000 0000
0000 0000 0000 0000 0000 0000 0000 0000
0000 0000 0000 0000 0000 0000 0000 0000
0000 0000 0000 0000 0000 0000 0000 0000
0000 0000 0000 0000 0000 0000 0000 0000
0000 0000 0000 0000 0000 0000 0000 0000
0000 0000 0000 0000 0000 0000 0000 0000
0000 0000 0000 0000 0000 0000 0000 0000
0000 0000 0000 0000 0000 0000 0000 0000
0000 0000 0000 0000 0000 0000 0000 0000
0000 0000 0000 0000 0000 0000 0000 0000
0000 0000 0000 0000 0000 0000 0000 0000
0000 0000 0000 0000 0000 0000 0000 0000
0000 0000 0000 0000 0000 0000 0000 0000
0000 0000 0000 0000 0000 0000 0000 0000
0000 0000 0000 0000 0000 0000 0000 0000
0000 0000 0000 0000 0000 0000 0000 0000
0000 0000 0000 0000 0000 0000 0000 0000
0000 0000 0000 0000 0000 0000 0000 0000
0000 0000 0000 0000 0000 0000 0000 0000
0000 0000 0000 0000 0000 0000 0000 0000
0000 0000 0000 0000 0000 0000 0000 0000
0000 0000 0000 0000 0000 0000 0000 0000
0000 0000 0000 0000 0000 0000 0000 0000
0000 0000 0000 0000 0000 0000 0000 0000
0000 0000 0000 0000 0000 0000 0000 0000
0000 0000 0000 0000 0000 0000 0000 0000
0000 0000 0000 0000 0000 0000 0000 0000
0000 0000 0000 0000 0000 0000 0000 0000
0000 0000 0000 0000 0000 0000 0000 0000
0000 0000 0000 0000 0000 0000 0000 0000
0000 0000 0000 0000 0000 0000 0000 0000
0000 0000 0000 0000 0000 0000 0000 0000
0000 0000 0000 0000 0000 0000 0000 0000
0000 0000 0000 0000 0000 0000 0000 0000
0000 0000 0000 0000 0000 0000 0000 0000
0000 0000 0000 0000 0000 0000 0000 0000
0000 0000 0000 0000 0000 0000 0000 0000
0000 0000 0000 0000 0000 0000 0000 0000
0000 0000 0000 0000 0000 0000 0000 0000
0000 0000 0000 0000 0000 0000 0000 0000
0000 0000 0000 0000 0000 0000 0000 0000
0000 0000 0000 0000 0000 0000 0000 0000
0000 0000 0000 0000 0000 0000 0000 0000
0000 0000 0000 0000 0000 0000 0000 0000
0000 0000 0000 0000 0000 0000 0000 0000
0000 0000 0000 0000 0000 0000 0000 0000
0000 0000 0000 0000 0000 0000 0000 0000
0000 0000 0000 0000 0000 0000 0000 0000
0000 0000 0000 0000 0000 0000 0000 0000
0000 0000 0000 0000 0000 0000 0000 0000
0000 0000 0000 0000 0000 0000 0000 0000
0000 0000 0000 0000 0000 0000 0000 0000
0000 0000 0000 0000 0000 0000 0000 0000
0000 0000 0000 0000 0000 0000 0000 0000
0000 0000 0000 0000 0000 0000 0000 0000
0000 0000 0000 0000 0000 0000 0000 0000
0000 0000 0000 0000 0000 0000 0000 0000
0000 0000 0000 0000 0000 0000 0000 0000
0000 0000 0000 0000 0000 0000 0000 0000
0000 0000 0000 0000 0000 0000 0000 0000
0000 0000 0000 0000 0000 0000 0000 0000
0000 0000 0000 0000 0000 0000 0000 0000
0000 0000 0000 0000 0000 0000 0000 0000
0000 0000 0000 0000 0000 0000 0000 0000
0000 0000 0000 0000 0000 0000 0000 0000
0000 0000 0000 0000 0000 0000 0000 0000
0000 0000 0000 0000 0000 0000 0000 0000
0000 0000 0000 0000 0000 0000 0000 0000
0000 0000 0000 0000 0000 0000 0000 0000
0000 0000 0000 0000 0000 0000 0000 0000
0000 0000 0000 0000 0000 0000 0000 0000
0000 0000 0000 0000 0000 0000 0000 0000
0000 0000 0000 0000 0000 0000 0000 0000
0000 0000 0000 0000 0000 0000 0000 0000
0000 0000 0000 0000 0000 0000 0000 0000
0000 0000 0000 0000 0000 0000 0000 0000
0000 0000 0000 0000 0000 0000 0000 0000
0000 0000 0000 0000 0000 0000 0000 0000
0000 0000 0000 0000 0000 0000 0000 0000
0000 0000 0000 0000 0000 0000 0000 0000
0000 0000 0000 0000 0000 0000 0000 0000
0000 0000 0000 0000 0000 0000 0000 0000
0000 0000 0000 0000 0000 0000 0000 0000
0000 0000 0000 0000 0000 0000 0000 0000
0000 0000 0000 0000 0000 0000 0000 0000
0000 0000 0000 0000 0000 0000 0000 0000
0000 0000 0000 0000 0000 0000 0000 0000
0000 0000 0000 0000 0000 0000 0000 0000
0000 0000 0000 0000 0000 0000 0000 0000
0000 0000 0000 0000 0000 0000 0000 0000
0000 0000 0000 0000 0000 0000 0000 0000
0000 0000 0000 0000 0000 0000 0000 0000
0000 0000 0000 0000 0000 0000 0000 0000
0000 0000 0000 0000 0000 0000 0000 0000
0000 0000 0000 0000 0000 0000 0000 0000
0000 0000 0000 0000 0000 0000 0000 0000
0000 0000 0000 0000 0000 0000 0000 0000
0000 0000 0000 0000 0000 0000 0000 0000
0000 0000 0000 0000 0000 0000 0000 0000
0000 0000 0000 0000 0000 0000 0000 0000
0000 0000 0000 0000 0000 0000 0000 0000
0000 0000 0000 0000 0000 0000 0000 0000
0000 0000 0000 0000 0000 0000 0000 0000
0000 0000 0000 0000 0000 0000 0000 0000
0000 0000 0000 0000 0000 0000 0000 0000
0000 0000 0000 0000 0000 0000 0000 0000
0000 0000 0000 0000 0000 0000 0000 0000
0000 0000 0000 0000 0000 0000 0000 0000
0000 0000 0000 0000 0000 0000 0000 0000
0000 0000 0000 0000 0000 0000 0000 0000
0000 0000 0000 0000 0000 0000 0000 0000
0000 0000 0000 0000 0000 0000 0000 0000
0000 0000 0000 0000 0000 0000 0000 0000
0000 0000 0000 0000 0000 0000 0000 0000
0000 0000 0000 0000 0000 0000 0000 0000
0000 0000 0000 0000 0000 0000 0000 0000
0000 0000 0000 0000 0000 0000 0000 0000
0000 0000 0000 0000 0000 0000 0000 0000
0000 0000 0000 0000 0000 0000 0000 0000
0000 0000 0000 0000 0000 0000 0000 0000
0000 0000 0000 0000 0000 0000 0000 0000
0000 0000 0000 0000 0000 0000 0000 0000
0000 0000 0000 0000 0000 0000 0000 0000
0000 0000 0000 0000 0000 0000 0000 0000
0000 0000 0000 0000 0000 0000 0000 0000
0000 0000 0000 0000 0000 0000 0000 0000
0000 0000 0000 0000 0000 0000 0000 0000
0000 0000 0000 0000 0000 0000 0000 0000
0000 0000 0000 0000 0000 0000 0000 0000
0000 0000 0000 0000 0000 0000 0000 0000
0000 0000 0000 0000 0000 0000 0000 0000
0000 0000 0000 0000 0000 0000 0000 0000
0000 0000 0000 0000 0000 0000 0000 0000
0000 0000 0000 0000 0000 0000 0000 0000
0000 0000 0000 0000 0000 0000 0000 0000
0000 0000 0000 0000 0000 0000 0000 0000
0000 0000 0000 0000 0000 0000 0000 0000
0000 0000 0000 0000 0000 0000 0000 0000
0000 0000 0000 0000 0000 0000 0000 0000
0000 0000 0000 0000 0000 0000 0000 0000
0000 0000 0000 0000 0000 0000 0000 0000
0000 0000 0000 0000 0000 0000 0000 0000
0000 0000 0000 0000 0000 0000 0000 0000
0000 0000 0000 0000 0000 0000 0000 0000
0000 0000 0000 0000 0000 0000 0000 0000
0000 0000 0000 0000 0000 0000 0000 0000
0000 0000 0000 0000 0000 0000 0000 0000
0000 0000 0000 0000 0000 0000 0000 0000
0000 0000 0000 0000 0000 0000 0000 0000
0000 0000 0000 0000 0000 0000 0000 0000
0000 0000 0000 0000 0000 0000 0000 0000
0000 0000 0000 0000 0000 0000 0000 0000
0000 0000 0000 0000 0000 0000 0000 0000
0000 0000 0000 0000 0000 0000 0000 0000
0000 0000 0000 0000 0000 0000 0000 0000
0000 0000 0000 0000 0000 0000 0000 0000
0000 0000 0000 0000 0000 0000 0000 0000
0000 0000 0000 0000 0000 0000 0000 0000
0000 0000 0000 0000 0000 0000 0000 0000
0000 0000 0000 0000 0000 0000 0000 0000
0000 0000 0000 0000 0000 0000 0000 0000
0000 0000 0000 0000 0000 0000 0000 0000
0000 0000 0000 0000 0000 0000 0000 0000
0000 0000 0000 0000 0000 0000 0000 0000
0000 0000 0000 0000 0000 0000 0000 0000
0000 0000 0000 0000 0000 0000 0000 0000
0000 0000 0000 0000 0000 0000 0000 0000
0000 0000 0000 0000 0000 0000 0000 0000
0000 0000 0000 0000 0000 0000 0000 0000
0000 0000 0000 0000 0000 0000 0000 0000
0000 0000 0000 0000 0000 0000 0000 0000
7011 4000 0000 0000 4011 4000 0000 0000
0100 0000 0000 0000 4100 0000 0000 0000
0c00 0000 0000 0000 0010 4000 0000 0000
0d00 0000 0000 0000 0416 4000 0000 0000
1900 0000 0000 0000 003e 4000 0000 0000
1b00 0000 0000 0000 0800 0000 0000 0000
1a00 0000 0000 0000 083e 4000 0000 0000
1c00 0000 0000 0000 0800 0000 0000 0000
0400 0000 0000 0000 a003 4000 0000 0000
f5fe ff6f 0000 0000 d803 4000 0000 0000
0500 0000 0000 0000 d004 4000 0000 0000
0600 0000 0000 0000 f803 4000 0000 0000
0a00 0000 0000 0000 7100 0000 0000 0000
0b00 0000 0000 0000 1800 0000 0000 0000
1500 0000 0000 0000 0000 0000 0000 0000
0300 0000 0000 0000 0040 4000 0000 0000
0200 0000 0000 0000 9000 0000 0000 0000
1400 0000 0000 0000 0700 0000 0000 0000
1700 0000 0000 0000 b805 4000 0000 0000
0700 0000 0000 0000 8805 4000 0000 0000
0800 0000 0000 0000 3000 0000 0000 0000
0900 0000 0000 0000 1800 0000 0000 0000
feff ff6f 0000 0000 5805 4000 0000 0000
ffff ff6f 0000 0000 0100 0000 0000 0000
f0ff ff6f 0000 0000 4205 4000 0000 0000
0000 0000 0000 0000 0000 0000 0000 0000
0000 0000 0000 0000 0000 0000 0000 0000
0000 0000 0000 0000 0000 0000 0000 0000
0000 0000 0000 0000 0000 0000 0000 0000
0000 0000 0000 0000 0000 0000 0000 0000
0000 0000 0000 0000 0000 0000 0000 0000
0000 0000 0000 0000 0000 0000 0000 0000
103e 4000 0000 0000 0000 0000 0000 0000
0000 0000 0000 0000 3610 4000 0000 0000
4610 4000 0000 0000 5610 4000 0000 0000
6610 4000 0000 0000 7610 4000 0000 0000
8610 4000 0000 0000 0000 0000 0000 0000
0000 0000 0000 0000 4743 433a 2028 5562
756e 7475 2031 312e 342e 302d 3175 6275
6e74 7531 7e32 322e 3034 2920 3131 2e34
2e30 0055 6275 6e74 7520 636c 616e 6720
7665 7273 696f 6e20 3132 2e30 2e31 2d31
3975 6275 6e74 7533 0000 0000 0000 0000
0000 0000 0000 0000 0000 0000 0000 0000
0000 0000 0000 0000 0100 0000 0400 f1ff
0000 0000 0000 0000 0000 0000 0000 0000
0800 0000 0100 0400 7c03 4000 0000 0000
2000 0000 0000 0000 1200 0000 0400 f1ff
0000 0000 0000 0000 0000 0000 0000 0000
1d00 0000 0200 0f00 d010 4000 0000 0000
0000 0000 0000 0000 1f00 0000 0200 0f00
0011 4000 0000 0000 0000 0000 0000 0000
3200 0000 0200 0f00 4011 4000 0000 0000
0000 0000 0000 0000 4800 0000 0100 1a00
5840 4000 0000 0000 0100 0000 0000 0000
5400 0000 0100 1500 083e 4000 0000 0000
0000 0000 0000 0000 7b00 0000 0200 0f00
7011 4000 0000 0000 0000 0000 0000 0000
8700 0000 0100 1400 003e 4000 0000 0000
0000 0000 0000 0000 a600 0000 0400 f1ff
0000 0000 0000 0000 0000 0000 0000 0000
b500 0000 0100 1a00 6040 4000 0000 0000
0400 0000 0000 0000 bd00 0000 0100 1a00
5c40 4000 0000 0000 0100 0000 0000 0000
c700 0000 0400 f1ff 0000 0000 0000 0000
0000 0000 0000 0000 1200 0000 0400 f1ff
0000 0000 0000 0000 0000 0000 0000 0000
d800 0000 0100 1300 3022 4000 0000 0000
0000 0000 0000 0000 0000 0000 0400 f1ff
0000 0000 0000 0000 0000 0000 0000 0000
e600 0000 0100 1600 103e 4000 0000 0000
0000 0000 0000 0000 ef00 0000 0000 1200
6420 4000 0000 0000 0000 0000 0000 0000
0201 0000 0100 1800 0040 4000 0000 0000
0000 0000 0000 0000 1801 0000 1200 0000
0000 0000 0000 0000 0000 0000 0000 0000
9b01 0000 2000 1900 4840 4000 0000 0000
0000 0000 0000 0000 3501 0000 1200 0f00
3012 4000 0000 0000 9600 0000 0000 0000
4101 0000 1200 0000 0000 0000 0000 0000
0000 0000 0000 0000 5701 0000 1200 0000
0000 0000 0000 0000 0000 0000 0000 0000
6901 0000 1200 0000 0000 0000 0000 0000
0000 0000 0000 0000 7c01 0000 1000 1900
5840 4000 0000 0000 0000 0000 0000 0000
8301 0000 1202 1000 0416 4000 0000 0000
0000 0000 0000 0000 8901 0000 1200 0f00
2013 4000 0000 0000 2a00 0000 0000 0000
9401 0000 1200 0f00 8011 4000 0000 0000
a800 0000 0000 0000 9901 0000 1000 1900
4840 4000 0000 0000 0000 0000 0000 0000
a601 0000 1200 0000 0000 0000 0000 0000
0000 0000 0000 0000 be01 0000 2000 0000
0000 0000 0000 0000 0000 0000 0000 0000
cd01 0000 1102 1900 5040 4000 0000 0000
0000 0000 0000 0000 da01 0000 1100 1100
0020 4000 0000 0000 0400 0000 0000 0000
e901 0000 1200 0000 0000 0000 0000 0000
0000 0000 0000 0000 fa01 0000 1200 0f00
5013 4000 0000 0000 2700 0000 0000 0000
0502 0000 1200 0000 0000 0000 0000 0000
0000 0000 0000 0000 1702 0000 1000 1a00
6840 4000 0000 0000 0000 0000 0000 0000
1c02 0000 1202 0f00 c010 4000 0000 0000
0500 0000 0000 0000 9f01 0000 1200 0f00
9010 4000 0000 0000 2600 0000 0000 0000
3402 0000 1000 1a00 5840 4000 0000 0000
0000 0000 0000 0000 4002 0000 1200 0f00
d013 4000 0000 0000 ad00 0000 0000 0000
4a02 0000 1200 0f00 d012 4000 0000 0000
4700 0000 0000 0000 4f02 0000 1200 0f00
8013 4000 0000 0000 4a00 0000 0000 0000
5902 0000 1102 1900 5840 4000 0000 0000
0000 0000 0000 0000 6502 0000 1202 0d00
0010 4000 0000 0000 0000 0000 0000 0000
6b02 0000 1200 0f00 8014 4000 0000 0000
8101 0000 0000 0000 0063 7274 312e 6f00
5f5f 6162 695f 7461 6700 6372 7473 7475
6666 2e63 0064 6572 6567 6973 7465 725f
746d 5f63 6c6f 6e65 7300 5f5f 646f 5f67
6c6f 6261 6c5f 6474 6f72 735f 6175 7800
636f 6d70 6c65 7465 642e 3000 5f5f 646f
5f67 6c6f 6261 6c5f 6474 6f72 735f 6175
785f 6669 6e69 5f61 7272 6179 5f65 6e74
7279 0066 7261 6d65 5f64 756d 6d79 005f
5f66 7261 6d65 5f64 756d 6d79 5f69 6e69
745f 6172 7261 795f 656e 7472 7900 7365
7276 6572 5f62 6f6e 7573 2e63 0067 5f72
5f62 6974 0072 6573 742e 6275 6666 0066
745f 7574 696c 735f 626f 6e75 732e 6300
5f5f 4652 414d 455f 454e 445f 5f00 5f44
594e 414d 4943 005f 5f47 4e55 5f45 485f
4652 414d 455f 4844 5200 5f47 4c4f 4241
4c5f 4f46 4653 4554 5f54 4142 4c45 5f00
5f5f 6c69 6263 5f73 7461 7274 5f6d 6169
6e40 474c 4942 435f 322e 3334 0073 6967
5f68 616e 646c 6572 0073 6967 6163 7469
6f6e 4047 4c49 4243 5f32 2e32 2e35 0077
7269 7465 4047 4c49 4243 5f32 2e32 2e35
0067 6574 7069 6440 474c 4942 435f 322e
322e 3500 5f65 6461 7461 005f 6669 6e69
0066 745f 6973 6469 6769 7400 7265 7374
005f 5f64 6174 615f 7374 6172 7400 7369
6765 6d70 7479 7365 7440 474c 4942 435f
322e 322e 3500 5f5f 676d 6f6e 5f73 7461
7274 5f5f 005f 5f64 736f 5f68 616e 646c
6500 5f49 4f5f 7374 6469 6e5f 7573 6564
006b 696c 6c40 474c 4942 435f 322e 322e
3500 6674 5f70 7574 6368 6172 0070 6175
7365 4047 4c49 4243 5f32 2e32 2e35 005f
656e 6400 5f64 6c5f 7265 6c6f 6361 7465
5f73 7461 7469 635f 7069 6500 5f5f 6273
735f 7374 6172 7400 6674 5f70 7574 6e62
7200 6d61 696e 0066 745f 7075 7473 7472
005f 5f54 4d43 5f45 4e44 5f5f 005f 696e
6974 0066 745f 6174 6f69 0000 2e73 796d
7461 6200 2e73 7472 7461 6200 2e73 6873
7472 7461 6200 2e69 6e74 6572 7000 2e6e
6f74 652e 676e 752e 7072 6f70 6572 7479
002e 6e6f 7465 2e67 6e75 2e62 7569 6c64
2d69 6400 2e6e 6f74 652e 4142 492d 7461
6700 2e67 6e75 2e68 6173 6800 2e64 796e
7379 6d00 2e64 796e 7374 7200 2e67 6e75
2e76 6572 7369 6f6e 002e 676e 752e 7665
7273 696f 6e5f 7200 2e72 656c 612e 6479
6e00 2e72 656c 612e 706c 7400 2e69 6e69
7400 2e74 6578 7400 2e66 696e 6900 2e72
6f64 6174 6100 2e65 685f 6672 616d 655f
6864 7200 2e65 685f 6672 616d 6500 2e69
6e69 745f 6172 7261 7900 2e66 696e 695f
6172 7261 7900 2e64 796e 616d 6963 002e
676f 7400 2e67 6f74 2e70 6c74 002e 6461
7461 002e 6273 7300 2e63 6f6d 6d65 6e74
0000 0000 0000 0000 0000 0000 0000 0000
0000 0000 0000 0000 0000 0000 0000 0000
0000 0000 0000 0000 0000 0000 0000 0000
0000 0000 0000 0000 0000 0000 0000 0000
0000 0000 0000 0000 1b00 0000 0100 0000
0200 0000 0000 0000 1803 4000 0000 0000
1803 0000 0000 0000 1c00 0000 0000 0000
0000 0000 0000 0000 0100 0000 0000 0000
0000 0000 0000 0000 2300 0000 0700 0000
0200 0000 0000 0000 3803 4000 0000 0000
3803 0000 0000 0000 2000 0000 0000 0000
0000 0000 0000 0000 0800 0000 0000 0000
0000 0000 0000 0000 3600 0000 0700 0000
0200 0000 0000 0000 5803 4000 0000 0000
5803 0000 0000 0000 2400 0000 0000 0000
0000 0000 0000 0000 0400 0000 0000 0000
0000 0000 0000 0000 4900 0000 0700 0000
0200 0000 0000 0000 7c03 4000 0000 0000
7c03 0000 0000 0000 2000 0000 0000 0000
0000 0000 0000 0000 0400 0000 0000 0000
0000 0000 0000 0000 5b00 0000 0500 0000
0200 0000 0000 0000 a003 4000 0000 0000
a003 0000 0000 0000 3800 0000 0000 0000
0700 0000 0000 0000 0800 0000 0000 0000
0400 0000 0000 0000 5700 0000 f6ff ff6f
0200 0000 0000 0000 d803 4000 0000 0000
d803 0000 0000 0000 1c00 0000 0000 0000
0700 0000 0000 0000 0800 0000 0000 0000
0000 0000 0000 0000 6100 0000 0b00 0000
0200 0000 0000 0000 f803 4000 0000 0000
f803 0000 0000 0000 d800 0000 0000 0000
0800 0000 0100 0000 0800 0000 0000 0000
1800 0000 0000 0000 6900 0000 0300 0000
0200 0000 0000 0000 d004 4000 0000 0000
d004 0000 0000 0000 7100 0000 0000 0000
0000 0000 0000 0000 0100 0000 0000 0000
0000 0000 0000 0000 7100 0000 ffff ff6f
0200 0000 0000 0000 4205 4000 0000 0000
4205 0000 0000 0000 1200 0000 0000 0000
0700 0000 0000 0000 0200 0000 0000 0000
0200 0000 0000 0000 7e00 0000 feff ff6f
0200 0000 0000 0000 5805 4000 0000 0000
5805 0000 0000 0000 3000 0000 0000 0000
0800 0000 0100 0000 0800 0000 0000 0000
0000 0000 0000 0000 8d00 0000 0400 0000
0200 0000 0000 0000 8805 4000 0000 0000
8805 0000 0000 0000 3000 0000 0000 0000
0700 0000 0000 0000 0800 0000 0000 0000
1800 0000 0000 0000 9700 0000 0400 0000
4200 0000 0000 0000 b805 4000 0000 0000
b805 0000 0000 0000 9000 0000 0000 0000
0700 0000 1800 0000 0800 0000 0000 0000
1800 0000 0000 0000 a100 0000 0100 0000
0600 0000 0000 0000 0010 4000 0000 0000
0010 0000 0000 0000 1b00 0000 0000 0000
0000 0000 0000 0000 0400 0000 0000 0000
0000 0000 0000 0000 9c00 0000 0100 0000
0600 0000 0000 0000 2010 4000 0000 0000
2010 0000 0000 0000 7000 0000 0000 0000
0000 0000 0000 0000 1000 0000 0000 0000
1000 0000 0000 0000 a700 0000 0100 0000
0600 0000 0000 0000 9010 4000 0000 0000
9010 0000 0000 0000 7105 0000 0000 0000
0000 0000 0000 0000 1000 0000 0000 0000
0000 0000 0000 0000 ad00 0000 0100 0000
0600 0000 0000 0000 0416 4000 0000 0000
0416 0000 0000 0000 0d00 0000 0000 0000
0000 0000 0000 0000 0400 0000 0000 0000
0000 0000 0000 0000 b300 0000 0100 0000
0200 0000 0000 0000 0020 4000 0000 0000
0020 0000 0000 0000 6100 0000 0000 0000
0000 0000 0000 0000 0400 0000 0000 0000
0000 0000 0000 0000 bb00 0000 0100 0000
0200 0000 0000 0000 6420 4000 0000 0000
6420 0000 0000 0000 6400 0000 0000 0000
0000 0000 0000 0000 0400 0000 0000 0000
0000 0000 0000 0000 c900 0000 0100 0000
0200 0000 0000 0000 c820 4000 0000 0000
c820 0000 0000 0000 6c01 0000 0000 0000
0000 0000 0000 0000 0800 0000 0000 0000
0000 0000 0000 0000 d300 0000 0e00 0000
0300 0000 0000 0000 003e 4000 0000 0000
002e 0000 0000 0000 0800 0000 0000 0000
0000 0000 0000 0000 0800 0000 0000 0000
0800 0000 0000 0000 df00 0000 0f00 0000
0300 0000 0000 0000 083e 4000 0000 0000
082e 0000 0000 0000 0800 0000 0000 0000
0000 0000 0000 0000 0800 0000 0000 0000
0800 0000 0000 0000 eb00 0000 0600 0000
0300 0000 0000 0000 103e 4000 0000 0000
102e 0000 0000 0000 e001 0000 0000 0000
0800 0000 0000 0000 0800 0000 0000 0000
1000 0000 0000 0000 f400 0000 0100 0000
0300 0000 0000 0000 f03f 4000 0000 0000
f02f 0000 0000 0000 1000 0000 0000 0000
0000 0000 0000 0000 0800 0000 0000 0000
0800 0000 0000 0000 f900 0000 0100 0000
0300 0000 0000 0000 0040 4000 0000 0000
0030 0000 0000 0000 4800 0000 0000 0000
0000 0000 0000 0000 0800 0000 0000 0000
0800 0000 0000 0000 0201 0000 0100 0000
0300 0000 0000 0000 4840 4000 0000 0000
4830 0000 0000 0000 1000 0000 0000 0000
0000 0000 0000 0000 0800 0000 0000 0000
0000 0000 0000 0000 0801 0000 0800 0000
0300 0000 0000 0000 5840 4000 0000 0000
5830 0000 0000 0000 1000 0000 0000 0000
0000 0000 0000 0000 0400 0000 0000 0000
0000 0000 0000 0000 0d01 0000 0100 0000
3000 0000 0000 0000 0000 0000 0000 0000
5830 0000 0000 0000 5100 0000 0000 0000
0000 0000 0000 0000 0100 0000 0000 0000
0100 0000 0000 0000 0100 0000 0200 0000
0000 0000 0000 0000 0000 0000 0000 0000
b030 0000 0000 0000 9804 0000 0000 0000
1d00 0000 1500 0000 0800 0000 0000 0000
1800 0000 0000 0000 0900 0000 0300 0000
0000 0000 0000 0000 0000 0000 0000 0000
4835 0000 0000 0000 7302 0000 0000 0000
0000 0000 0000 0000 0100 0000 0000 0000
0000 0000 0000 0000 1100 0000 0300 0000
0000 0000 0000 0000 0000 0000 0000 0000
bb37 0000 0000 0000 1601 0000 0000 0000
0000 0000 0000 0000 0100 0000 0000 0000
0000 0000 0000 0000 